"fuse_diam"= 0.07
"fuse_rad"= 0.035
"battery_length"= 0.076
"battery_width"= 0.034
"battery_height"= 0.051
"bat_bay_length"= 0.096
"wing_shelf"= 0.0175
"shell"= 0.002
"chord_length"= 0.09
"tail_length"= 0.26598000000000005
"tail_diam"= 0.035
"connector"= 0.06649500000000001