"fuse_diam"= 0.085
"fuse_rad"= 0.0425
"battery_length"= 0.076
"battery_width"= 0.034
"battery_height"= 0.051
"bat_bay_length"= 0.096
"wing_shelf"= 0.02125
"shell"= 0.002
"chord_length"= 0.229
"tail_length"= 0.45276000000000005
"tail_diam"= 0.0425
"connector"= 0.11319000000000001